52 186 65 177 52 177 62 166 
65 177 82 188 62 167 85 171 
54 185 63 192 52 178 62 180 
64 192 82 188 63 180 85 173 
122 187 139 177 126 165 144 150 
140 179 155 185 148 151 166 157 
123 188 137 193 128 166 146 166 
136 193 154 184 146 164 164 157 
70 251 123 254 80 236 149 218 
72 256 89 263 82 239 109 246 
90 264 120 255 109 246 149 222 
111 168 145 160 102 137 134 119 
80 169 54 160 81 139 54 144 
115 6 113 56 96 6 105 49 
98 34 133 34 89 39 122 29 
152 24 184 54 141 15 170 33 
86 25 80 44 78 33 75 49 
85 54 158 54 81 60 148 40 
44 160 51 131 42 150 49 124 
51 130 69 111 50 123 64 107 
71 111 99 116 66 107 94 107 
100 115 128 110 97 106 112 93 
130 111 157 119 113 92 133 96 
159 119 181 153 138 96 180 123 
98 170 90 208 91 144 96 172 
