67 180 86 171 65 192 80 188 
65 172 83 170 66 184 79 185 
65 164 83 168 67 175 80 183 
93 143 96 167 95 177 93 202 
125 165 162 157 124 188 153 186 
79 237 105 228 71 251 92 253 
106 226 152 220 93 252 122 253 
82 238 108 247 72 254 93 264 
110 247 148 223 93 264 119 257 
101 285 129 289 81 299 102 304 
131 290 130 296 105 304 103 316 
127 296 104 296 101 316 84 315 
97 4 106 49 115 7 113 54 
87 39 120 28 98 34 131 33 
139 15 174 34 150 23 183 52 
98 5 135 39 116 7 148 47 
95 6 84 57 113 8 86 57 
56 143 81 140 57 161 82 167 
102 133 130 121 111 168 142 160 
43 157 46 132 42 164 52 130 
48 127 69 107 53 127 72 112 
73 103 94 104 74 108 98 118 
98 104 115 93 101 115 122 107 
205 157 235 194 197 189 202 230 
84 201 118 196 80 229 105 229 
86 185 119 178 86 218 110 217 
260 74 302 190 236 109 251 196 
