52 177 62 166 52 186 65 177 
62 167 85 171 65 177 82 188 
52 178 62 180 54 185 63 192 
63 180 85 173 64 192 82 188 
126 165 144 150 122 187 139 177 
148 151 166 157 140 179 155 185 
128 166 146 166 123 188 137 193 
146 164 164 157 136 193 154 184 
80 236 149 218 70 251 123 254 
82 239 109 246 72 256 89 263 
109 246 149 222 90 264 120 255 
102 137 134 119 111 168 145 160 
81 139 54 144 80 169 54 160 
96 6 105 49 115 6 113 56 
89 39 122 29 98 34 133 34 
141 15 170 33 152 24 184 54 
78 33 75 49 86 25 80 44 
81 60 148 40 85 54 158 54 
42 150 49 124 44 160 51 131 
50 123 64 107 51 130 69 111 
66 107 94 107 71 111 99 116 
97 106 112 93 100 115 128 110 
113 92 133 96 130 111 157 119 
138 96 180 123 159 119 181 153 
91 144 96 172 98 170 90 208 
314 145 300 145 256 175 252 175 
315 82 272 81 255 94 230 94 
237 247 315 247 210 280 254 280 
250 293 315 294 188 318 255 318 
