115 5 113 54 97 4 105 50 
81 55 159 55 78 59 147 40 
53 184 80 186 53 179 84 170 
123 188 154 188 125 164 164 157 
70 251 91 250 80 234 105 227 
91 250 124 254 107 226 152 219 
70 253 87 261 81 237 109 247 
90 261 120 257 111 247 149 223 
80 171 53 161 83 138 56 141 
109 168 145 160 102 133 133 120 
98 168 93 202 92 137 97 169 
153 23 183 53 140 15 173 34 
88 23 81 48 77 30 75 58 
46 166 45 185 45 160 50 175 
47 198 45 219 50 180 48 197 
93 208 88 222 96 173 82 184 
191 186 200 218 189 155 223 188 
111 303 165 282 140 290 196 260 
85 299 58 258 119 290 75 265 
76 256 113 256 90 243 134 234 
81 229 103 229 84 201 114 194 
53 187 67 194 53 181 73 182 
71 194 82 188 74 182 81 174 
82 311 103 311 104 295 133 295 
