69 173 87 161 63 91 72 84 
87 161 104 167 72 84 81 91 
103 167 91 172 81 91 75 97 
91 173 69 173 75 98 63 92 
169 165 185 156 134 94 142 88 
185 156 202 165 143 88 150 94 
201 165 186 167 149 95 143 101 
186 166 168 165 141 100 134 95 
125 181 115 221 90 100 80 143 
152 176 170 220 119 93 124 144 
114 229 142 239 82 153 99 167 
142 239 170 227 100 167 121 154 
107 261 142 266 83 174 100 172 
143 266 181 256 101 172 118 176 
48 233 68 285 33 138 60 178 
68 286 106 318 61 178 84 194 
106 319 139 327 84 194 101 199 
140 327 172 319 101 199 123 194 
173 319 215 285 124 193 157 176 
215 286 234 221 157 176 195 135 
233 220 261 165 195 111 227 21 
48 232 5 165 34 115 4 21 
6 165 24 156 3 19 22 3 
260 163 252 136 225 19 209 4 
24 156 34 172 22 4 49 26 
253 136 236 149 209 5 178 28 
34 171 37 101 51 25 76 14 
37 100 88 47 77 14 100 7 
87 47 176 52 101 7 126 7 
176 51 214 80 127 7 148 16 
213 79 235 149 148 17 177 28 
53 143 112 140 56 70 76 73 
160 137 216 134 136 78 159 75 
