97 7 106 52 114 8 113 55 
45 155 57 143 47 162 59 161 
59 142 81 139 62 162 79 169 
102 133 131 121 114 167 143 160 
134 121 151 124 144 160 164 167 
64 174 77 170 67 185 77 185 
140 159 154 155 135 185 147 185 
50 181 46 208 47 194 45 220 
108 169 128 188 106 192 115 225 
97 170 84 176 97 193 88 218 
85 179 87 192 89 220 89 225 
88 194 98 199 88 227 91 233 
87 201 112 195 81 228 101 229 
77 234 93 248 71 253 79 261 
95 248 121 242 81 262 104 262 
123 242 152 220 105 262 124 255 
78 234 105 228 71 251 89 252 
105 226 150 220 91 253 122 253 
230 202 199 252 201 233 177 274 
220 230 224 266 186 266 178 292 
226 267 254 295 178 296 186 316 
102 286 106 297 81 301 83 316 
48 219 62 247 48 231 56 255 
66 253 90 278 57 258 70 284 
196 255 146 285 174 276 124 299 
93 278 110 284 72 286 85 295 
113 284 142 287 87 296 120 300 
89 41 124 29 98 36 134 35 
98 5 124 23 115 7 135 28 
96 6 86 33 114 6 98 30 
81 59 147 40 83 56 158 56 
141 16 176 34 154 25 184 52 
78 33 88 54 87 26 95 50 
43 152 48 132 45 159 49 139 
49 129 62 110 50 136 58 123 
64 109 79 104 60 120 75 112 
82 103 96 104 78 110 97 116 
98 102 112 93 100 114 116 108 
115 93 133 96 117 107 140 114 
136 96 169 115 142 115 169 135 
171 119 195 145 172 136 193 183 
198 151 229 197 194 184 203 232 
230 255 245 275 206 296 219 307 
247 276 247 283 219 310 219 316 
236 240 237 248 211 269 210 285 
237 249 231 253 209 287 204 292 
83 74 94 98 106 78 101 107 
73 59 33 73 78 58 50 57 
31 75 11 105 47 59 21 87 
11 111 23 173 18 91 8 174 
20 192 55 242 9 189 49 252 
202 29 289 115 206 68 250 176 
293 123 301 191 251 186 241 235 
298 199 235 238 239 236 210 264 
53 182 73 179 56 191 71 192 
133 168 164 160 129 192 151 192 
78 203 70 226 75 232 63 248 
137 193 170 211 120 232 137 247 
63 187 75 183 67 199 81 196 
